0.000000 2.000000
0.010010 1.999900
0.020020 1.999599
0.030030 1.999098
0.040040 1.998397
0.050050 1.997496
0.060060 1.996394
0.070070 1.995092
0.080080 1.993591
0.090090 1.991889
0.100100 1.989988
0.110110 1.987888
0.120120 1.985588
0.130130 1.983090
0.140140 1.980393
0.150150 1.977497
0.160160 1.974404
0.170170 1.971112
0.180180 1.967623
0.190190 1.963937
0.200200 1.960054
0.210210 1.955974
0.220220 1.951699
0.230230 1.947228
0.240240 1.942562
0.250250 1.937701
0.260260 1.932646
0.270270 1.927398
0.280280 1.921956
0.290290 1.916322
0.300300 1.910495
0.310310 1.904478
0.320320 1.898269
0.330330 1.891871
0.340340 1.885282
0.350350 1.878505
0.360360 1.871540
0.370370 1.864387
0.380380 1.857047
0.390390 1.849521
0.400400 1.841810
0.410410 1.833914
0.420420 1.825835
0.430430 1.817572
0.440440 1.809128
0.450450 1.800502
0.460460 1.791696
0.470470 1.782710
0.480480 1.773546
0.490490 1.764204
0.500501 1.754685
0.510511 1.744990
0.520521 1.735121
0.530531 1.725077
0.540541 1.714861
0.550551 1.704473
0.560561 1.693914
0.570571 1.683186
0.580581 1.672289
0.590591 1.661224
0.600601 1.649993
0.610611 1.638596
0.620621 1.627035
0.630631 1.615312
0.640641 1.603426
0.650651 1.591380
0.660661 1.579174
0.670671 1.566810
0.680681 1.554289
0.690691 1.541612
0.700701 1.528781
0.710711 1.515797
0.720721 1.502661
0.730731 1.489374
0.740741 1.475938
0.750751 1.462354
0.760761 1.448623
0.770771 1.434748
0.780781 1.420728
0.790791 1.406567
0.800801 1.392264
0.810811 1.377822
0.820821 1.363242
0.830831 1.348525
0.840841 1.333673
0.850851 1.318687
0.860861 1.303570
0.870871 1.288321
0.880881 1.272944
0.890891 1.257439
0.900901 1.241808
0.910911 1.226053
0.920921 1.210174
0.930931 1.194175
0.940941 1.178056
0.950951 1.161819
0.960961 1.145465
0.970971 1.128997
0.980981 1.112415
0.990991 1.095722
1.001001 1.078919
1.011011 1.062009
1.021021 1.044991
1.031031 1.027869
1.041041 1.010644
1.051051 0.993318
1.061061 0.975892
1.071071 0.958369
1.081081 0.940749
1.091091 0.923035
1.101101 0.905229
1.111111 0.887332
1.121121 0.869346
1.131131 0.851273
1.141141 0.833115
1.151151 0.814873
1.161161 0.796549
1.171171 0.778146
1.181181 0.759665
1.191191 0.741107
1.201201 0.722476
1.211211 0.703772
1.221221 0.684997
1.231231 0.666154
1.241241 0.647244
1.251251 0.628269
1.261261 0.609232
1.271271 0.590133
1.281281 0.570975
1.291291 0.551760
1.301301 0.532489
1.311311 0.513166
1.321321 0.493791
1.331331 0.474366
1.341341 0.454894
1.351351 0.435376
1.361361 0.415814
1.371371 0.396211
1.381381 0.376569
1.391391 0.356888
1.401401 0.337172
1.411411 0.317422
1.421421 0.297640
1.431431 0.277828
1.441441 0.257989
1.451451 0.238124
1.461461 0.218234
1.471471 0.198323
1.481481 0.178392
1.491491 0.158443
1.501502 0.138479
1.511512 0.118500
1.521522 0.098510
1.531532 0.078509
1.541542 0.058501
1.551552 0.038487
1.561562 0.018469
1.571572 -0.001550
1.581582 -0.021570
1.591592 -0.041588
1.601602 -0.061601
1.611612 -0.081608
1.621622 -0.101607
1.631632 -0.121596
1.641642 -0.141572
1.651652 -0.161535
1.661662 -0.181481
1.671672 -0.201409
1.681682 -0.221317
1.691692 -0.241202
1.701702 -0.261064
1.711712 -0.280899
1.721722 -0.300706
1.731732 -0.320483
1.741742 -0.340228
1.751752 -0.359939
1.761762 -0.379614
1.771772 -0.399250
1.781782 -0.418847
1.791792 -0.438402
1.801802 -0.457913
1.811812 -0.477378
1.821822 -0.496795
1.831832 -0.516162
1.841842 -0.535478
1.851852 -0.554740
1.861862 -0.573946
1.871872 -0.593095
1.881882 -0.612185
1.891892 -0.631213
1.901902 -0.650178
1.911912 -0.669077
1.921922 -0.687910
1.931932 -0.706674
1.941942 -0.725367
1.951952 -0.743987
1.961962 -0.762533
1.971972 -0.781002
1.981982 -0.799393
1.991992 -0.817704
2.002002 -0.835933
2.012012 -0.854078
2.022022 -0.872138
2.032032 -0.890110
2.042042 -0.907993
2.052052 -0.925785
2.062062 -0.943485
2.072072 -0.961089
2.082082 -0.978598
2.092092 -0.996008
2.102102 -1.013319
2.112112 -1.030528
2.122122 -1.047634
2.132132 -1.064635
2.142142 -1.081529
2.152152 -1.098315
2.162162 -1.114991
2.172172 -1.131555
2.182182 -1.148006
2.192192 -1.164341
2.202202 -1.180560
2.212212 -1.196661
2.222222 -1.212642
2.232232 -1.228501
2.242242 -1.244237
2.252252 -1.259849
2.262262 -1.275334
2.272272 -1.290692
2.282282 -1.305920
2.292292 -1.321017
2.302302 -1.335982
2.312312 -1.350813
2.322322 -1.365509
2.332332 -1.380068
2.342342 -1.394489
2.352352 -1.408770
2.362362 -1.422909
2.372372 -1.436906
2.382382 -1.450760
2.392392 -1.464468
2.402402 -1.478029
2.412412 -1.491442
2.422422 -1.504705
2.432432 -1.517818
2.442442 -1.530779
2.452452 -1.543586
2.462462 -1.556239
2.472472 -1.568735
2.482482 -1.581075
2.492492 -1.593256
2.502503 -1.605278
2.512513 -1.617138
2.522523 -1.628837
2.532533 -1.640372
2.542543 -1.651743
2.552553 -1.662949
2.562563 -1.673988
2.572573 -1.684859
2.582583 -1.695561
2.592593 -1.706094
2.602603 -1.716455
2.612613 -1.726644
2.622623 -1.736661
2.632633 -1.746503
2.642643 -1.756171
2.652653 -1.765662
2.662663 -1.774977
2.672673 -1.784114
2.682683 -1.793072
2.692693 -1.801850
2.702703 -1.810448
2.712713 -1.818864
2.722723 -1.827098
2.732733 -1.835149
2.742743 -1.843017
2.752753 -1.850699
2.762763 -1.858196
2.772773 -1.865507
2.782783 -1.872631
2.792793 -1.879567
2.802803 -1.886315
2.812813 -1.892874
2.822823 -1.899243
2.832833 -1.905422
2.842843 -1.911410
2.852853 -1.917207
2.862863 -1.922811
2.872873 -1.928223
2.882883 -1.933442
2.892893 -1.938467
2.902903 -1.943297
2.912913 -1.947933
2.922923 -1.952374
2.932933 -1.956619
2.942943 -1.960668
2.952953 -1.964520
2.962963 -1.968176
2.972973 -1.971635
2.982983 -1.974896
2.992993 -1.977959
3.003003 -1.980824
3.013013 -1.983490
3.023023 -1.985958
3.033033 -1.988226
3.043043 -1.990296
3.053053 -1.992166
3.063063 -1.993836
3.073073 -1.995307
3.083083 -1.996578
3.093093 -1.997648
3.103103 -1.998519
3.113113 -1.999189
3.123123 -1.999659
3.133133 -1.999928
3.143143 -1.999998
3.153153 -1.999866
3.163163 -1.999535
3.173173 -1.999003
3.183183 -1.998270
3.193193 -1.997338
3.203203 -1.996205
3.213213 -1.994873
3.223223 -1.993340
3.233233 -1.991608
3.243243 -1.989676
3.253253 -1.987545
3.263263 -1.985215
3.273273 -1.982685
3.283283 -1.979957
3.293293 -1.977031
3.303303 -1.973907
3.313313 -1.970584
3.323323 -1.967065
3.333333 -1.963348
3.343343 -1.959435
3.353353 -1.955325
3.363363 -1.951019
3.373373 -1.946518
3.383383 -1.941822
3.393393 -1.936931
3.403403 -1.931846
3.413413 -1.926567
3.423423 -1.921096
3.433433 -1.915432
3.443443 -1.909576
3.453453 -1.903529
3.463463 -1.897291
3.473473 -1.890862
3.483483 -1.884245
3.493493 -1.877438
3.503504 -1.870444
3.513514 -1.863262
3.523524 -1.855893
3.533534 -1.848339
3.543544 -1.840599
3.553554 -1.832675
3.563564 -1.824567
3.573574 -1.816276
3.583584 -1.807804
3.593594 -1.799150
3.603604 -1.790316
3.613614 -1.781302
3.623624 -1.772110
3.633634 -1.762741
3.643644 -1.753195
3.653654 -1.743473
3.663664 -1.733577
3.673674 -1.723506
3.683684 -1.713263
3.693694 -1.702849
3.703704 -1.692264
3.713714 -1.681509
3.723724 -1.670586
3.733734 -1.659495
3.743744 -1.648238
3.753754 -1.636816
3.763764 -1.625230
3.773774 -1.613481
3.783784 -1.601571
3.793794 -1.589500
3.803804 -1.577269
3.813814 -1.564881
3.823824 -1.552336
3.833834 -1.539635
3.843844 -1.526780
3.853854 -1.513772
3.863864 -1.500612
3.873874 -1.487302
3.883884 -1.473843
3.893894 -1.460237
3.903904 -1.446484
3.913914 -1.432586
3.923924 -1.418544
3.933934 -1.404361
3.943944 -1.390036
3.953954 -1.375573
3.963964 -1.360971
3.973974 -1.346233
3.983984 -1.331360
3.993994 -1.316354
4.004004 -1.301216
4.014014 -1.285948
4.024024 -1.270551
4.034034 -1.255026
4.044044 -1.239376
4.054054 -1.223601
4.064064 -1.207704
4.074074 -1.191686
4.084084 -1.175548
4.094094 -1.159293
4.104104 -1.142922
4.114114 -1.126436
4.124124 -1.109837
4.134134 -1.093127
4.144144 -1.076307
4.154154 -1.059380
4.164164 -1.042346
4.174174 -1.025208
4.184184 -1.007967
4.194194 -0.990625
4.204204 -0.973184
4.214214 -0.955646
4.224224 -0.938012
4.234234 -0.920283
4.244244 -0.902463
4.254254 -0.884552
4.264264 -0.866552
4.274274 -0.848466
4.284284 -0.830295
4.294294 -0.812040
4.304304 -0.793704
4.314314 -0.775289
4.324324 -0.756795
4.334334 -0.738226
4.344344 -0.719583
4.354354 -0.700868
4.364364 -0.682083
4.374374 -0.663229
4.384384 -0.644309
4.394394 -0.625325
4.404404 -0.606277
4.414414 -0.587169
4.424424 -0.568002
4.434434 -0.548779
4.444444 -0.529500
4.454454 -0.510168
4.464464 -0.490785
4.474474 -0.471353
4.484484 -0.451873
4.494494 -0.432349
4.504505 -0.412781
4.514515 -0.393171
4.524525 -0.373523
4.534535 -0.353837
4.544545 -0.334115
4.554555 -0.314360
4.564565 -0.294573
4.574575 -0.274757
4.584585 -0.254914
4.594595 -0.235044
4.604605 -0.215152
4.614615 -0.195237
4.624625 -0.175303
4.634635 -0.155352
4.644645 -0.135385
4.654655 -0.115405
4.664665 -0.095412
4.674675 -0.075411
4.684685 -0.055402
4.694695 -0.035387
4.704705 -0.015368
4.714715 0.004651
4.724725 0.024671
4.734735 0.044688
4.744745 0.064700
4.754755 0.084706
4.764765 0.104704
4.774775 0.124691
4.784785 0.144665
4.794795 0.164625
4.804805 0.184569
4.814815 0.204494
4.824825 0.224398
4.834835 0.244280
4.844845 0.264138
4.854855 0.283969
4.864865 0.303772
4.874875 0.323544
4.884885 0.343283
4.894895 0.362989
4.904905 0.382658
4.914915 0.402289
4.924925 0.421879
4.934935 0.441427
4.944945 0.460931
4.954955 0.480389
4.964965 0.499798
4.974975 0.519158
4.984985 0.538465
4.994995 0.557718
5.005005 0.576916
5.015015 0.596056
5.025025 0.615136
5.035035 0.634154
5.045045 0.653109
5.055055 0.671999
5.065065 0.690821
5.075075 0.709574
5.085085 0.728256
5.095095 0.746864
5.105105 0.765398
5.115115 0.783856
5.125125 0.802234
5.135135 0.820533
5.145145 0.838749
5.155155 0.856881
5.165165 0.874927
5.175175 0.892886
5.185185 0.910755
5.195195 0.928533
5.205205 0.946218
5.215215 0.963808
5.225225 0.981301
5.235235 0.998696
5.245245 1.015991
5.255255 1.033185
5.265265 1.050274
5.275275 1.067259
5.285285 1.084136
5.295295 1.100905
5.305305 1.117564
5.315315 1.134111
5.325325 1.150544
5.335335 1.166861
5.345345 1.183062
5.355355 1.199144
5.365365 1.215106
5.375375 1.230947
5.385385 1.246664
5.395395 1.262256
5.405405 1.277721
5.415415 1.293059
5.425425 1.308267
5.435435 1.323344
5.445445 1.338288
5.455455 1.353098
5.465465 1.367773
5.475475 1.382311
5.485485 1.396710
5.495495 1.410969
5.505506 1.425087
5.515516 1.439062
5.525526 1.452893
5.535536 1.466578
5.545546 1.480116
5.555556 1.493506
5.565566 1.506746
5.575576 1.519836
5.585586 1.532773
5.595596 1.545556
5.605606 1.558185
5.615616 1.570657
5.625626 1.582972
5.635636 1.595129
5.645646 1.607125
5.655656 1.618961
5.665666 1.630634
5.675676 1.642144
5.685686 1.653490
5.695696 1.664669
5.705706 1.675682
5.715716 1.686528
5.725726 1.697204
5.735736 1.707710
5.745746 1.718045
5.755756 1.728207
5.765766 1.738197
5.775776 1.748012
5.785786 1.757653
5.795796 1.767117
5.805806 1.776404
5.815816 1.785513
5.825826 1.794443
5.835836 1.803194
5.845846 1.811763
5.855856 1.820152
5.865866 1.828357
5.875876 1.836380
5.885886 1.844219
5.895896 1.851872
5.905906 1.859341
5.915916 1.866623
5.925926 1.873718
5.935936 1.880625
5.945946 1.887343
5.955956 1.893873
5.965966 1.900213
5.975976 1.906362
5.985986 1.912321
5.995996 1.918088
6.006006 1.923662
6.016016 1.929044
6.026026 1.934233
6.036036 1.939228
6.046046 1.944028
6.056056 1.948634
6.066066 1.953044
6.076076 1.957259
6.086086 1.961277
6.096096 1.965100
6.106106 1.968725
6.116116 1.972153
6.126126 1.975383
6.136136 1.978415
6.146146 1.981250
6.156156 1.983885
6.166166 1.986322
6.176176 1.988560
6.186186 1.990599
6.196196 1.992438
6.206206 1.994077
6.216216 1.995517
6.226226 1.996757
6.236236 1.997796
6.246246 1.998636
6.256256 1.999275
6.266266 1.999714
6.276276 1.999952
6.286286 1.999990
6.296296 1.999828
6.306306 1.999465
6.316316 1.998902
6.326326 1.998139
6.336336 1.997176
6.346346 1.996012
6.356356 1.994648
6.366366 1.993085
6.376376 1.991322
6.386386 1.989359
6.396396 1.987197
6.406406 1.984836
6.416416 1.982276
6.426426 1.979517
6.436436 1.976560
6.446446 1.973405
6.456456 1.970052
6.466466 1.966502
6.476476 1.962755
6.486486 1.958811
6.496496 1.954671
6.506507 1.950335
6.516517 1.945803
6.526527 1.941077
6.536537 1.936156
6.546547 1.931041
6.556557 1.925732
6.566567 1.920231
6.576577 1.914537
6.586587 1.908652
6.596597 1.902575
6.606607 1.896307
6.616617 1.889850
6.626627 1.883203
6.636637 1.876367
6.646647 1.869344
6.656657 1.862133
6.666667 1.854735
6.676677 1.847152
6.686687 1.839384
6.696697 1.831431
6.706707 1.823295
6.716717 1.814976
6.726727 1.806475
6.736737 1.797793
6.746747 1.788931
6.756757 1.779890
6.766767 1.770671
6.776777 1.761274
6.786787 1.751700
6.796797 1.741952
6.806807 1.732028
6.816817 1.721931
6.826827 1.711662
6.836837 1.701220
6.846847 1.690609
6.856857 1.679828
6.866867 1.668879
6.876877 1.657762
6.886887 1.646480
6.896897 1.635032
6.906907 1.623421
6.916917 1.611647
6.926927 1.599711
6.936937 1.587616
6.946947 1.575361
6.956957 1.562948
6.966967 1.550379
6.976977 1.537654
6.986987 1.524775
6.996997 1.511744
7.007007 1.498561
7.017017 1.485227
7.027027 1.471745
7.037037 1.458116
7.047047 1.444340
7.057057 1.430420
7.067067 1.416356
7.077077 1.402151
7.087087 1.387805
7.097097 1.373320
7.107107 1.358697
7.117117 1.343938
7.127127 1.329045
7.137137 1.314018
7.147147 1.298860
7.157157 1.283571
7.167167 1.268154
7.177177 1.252610
7.187187 1.236940
7.197197 1.221147
7.207207 1.205231
7.217217 1.189194
7.227227 1.173038
7.237237 1.156765
7.247247 1.140376
7.257257 1.123872
7.267267 1.107256
7.277277 1.090529
7.287287 1.073692
7.297297 1.056748
7.307307 1.039698
7.317317 1.022544
7.327327 1.005288
7.337337 0.987930
7.347347 0.970474
7.357357 0.952921
7.367367 0.935272
7.377377 0.917529
7.387387 0.899694
7.397397 0.881770
7.407407 0.863757
7.417417 0.845657
7.427427 0.827472
7.437437 0.809205
7.447447 0.790857
7.457457 0.772429
7.467467 0.753924
7.477477 0.735343
7.487487 0.716689
7.497497 0.697963
7.507508 0.679167
7.517518 0.660303
7.527528 0.641373
7.537538 0.622378
7.547548 0.603322
7.557558 0.584204
7.567568 0.565028
7.577578 0.545796
7.587588 0.526509
7.597598 0.507169
7.607608 0.487778
7.617618 0.468339
7.627628 0.448852
7.637638 0.429321
7.647648 0.409746
7.657658 0.390130
7.667668 0.370476
7.677678 0.350784
7.687688 0.331057
7.697698 0.311297
7.707708 0.291506
7.717718 0.271685
7.727728 0.251838
7.737738 0.231965
7.747748 0.212068
7.757758 0.192151
7.767768 0.172214
7.777778 0.152260
7.787788 0.132291
7.797798 0.112309
7.807808 0.092315
7.817818 0.072312
7.827828 0.052302
7.837838 0.032286
7.847848 0.012267
7.857858 -0.007752
7.867868 -0.027772
7.877878 -0.047788
7.887888 -0.067800
7.897898 -0.087804
7.907908 -0.107800
7.917918 -0.127785
7.927928 -0.147758
7.937938 -0.167715
7.947948 -0.187656
7.957958 -0.207578
7.967968 -0.227479
7.977978 -0.247358
7.987988 -0.267211
7.997998 -0.287038
8.008008 -0.306836
8.018018 -0.326603
8.028028 -0.346338
8.038038 -0.366038
8.048048 -0.385701
8.058058 -0.405326
8.068068 -0.424910
8.078078 -0.444451
8.088088 -0.463948
8.098098 -0.483398
8.108108 -0.502800
8.118118 -0.522152
8.128128 -0.541451
8.138138 -0.560696
8.148148 -0.579885
8.158158 -0.599015
8.168168 -0.618086
8.178178 -0.637095
8.188188 -0.656039
8.198198 -0.674919
8.208208 -0.693730
8.218218 -0.712472
8.228228 -0.731143
8.238238 -0.749740
8.248248 -0.768262
8.258258 -0.786708
8.268268 -0.805074
8.278278 -0.823360
8.288288 -0.841563
8.298298 -0.859682
8.308308 -0.877715
8.318318 -0.895660
8.328328 -0.913515
8.338338 -0.931278
8.348348 -0.948949
8.358358 -0.966524
8.368368 -0.984002
8.378378 -1.001382
8.388388 -1.018661
8.398398 -1.035839
8.408408 -1.052912
8.418418 -1.069880
8.428428 -1.086741
8.438438 -1.103493
8.448448 -1.120134
8.458458 -1.136663
8.468468 -1.153079
8.478478 -1.169378
8.488488 -1.185561
8.498498 -1.201625
8.508509 -1.217568
8.518519 -1.233389
8.528529 -1.249087
8.538539 -1.264660
8.548549 -1.280105
8.558559 -1.295423
8.568569 -1.310611
8.578579 -1.325667
8.588589 -1.340591
8.598599 -1.355380
8.608609 -1.370034
8.618619 -1.384550
8.628629 -1.398928
8.638639 -1.413165
8.648649 -1.427261
8.658659 -1.441213
8.668669 -1.455022
8.678679 -1.468684
8.688689 -1.482200
8.698699 -1.495567
8.708709 -1.508784
8.718719 -1.521849
8.728729 -1.534763
8.738739 -1.547522
8.748749 -1.560127
8.758759 -1.572575
8.768769 -1.584866
8.778779 -1.596997
8.788789 -1.608969
8.798799 -1.620780
8.808809 -1.632428
8.818819 -1.643912
8.828829 -1.655232
8.838839 -1.666386
8.848849 -1.677373
8.858859 -1.688192
8.868869 -1.698842
8.878879 -1.709322
8.888889 -1.719630
8.898899 -1.729766
8.908909 -1.739729
8.918919 -1.749517
8.928929 -1.759130
8.938939 -1.768567
8.948949 -1.777827
8.958959 -1.786908
8.968969 -1.795810
8.978979 -1.804533
8.988989 -1.813075
8.998999 -1.821435
9.009009 -1.829612
9.019019 -1.837606
9.029029 -1.845416
9.039039 -1.853041
9.049049 -1.860481
9.059059 -1.867734
9.069069 -1.874800
9.079079 -1.881678
9.089089 -1.888367
9.099099 -1.894867
9.109109 -1.901178
9.119119 -1.907298
9.129129 -1.913227
9.139139 -1.918964
9.149149 -1.924509
9.159159 -1.929860
9.169169 -1.935019
9.179179 -1.939984
9.189189 -1.944754
9.199199 -1.949330
9.209209 -1.953710
9.219219 -1.957894
9.229229 -1.961882
9.239239 -1.965674
9.249249 -1.969269
9.259259 -1.972666
9.269269 -1.975866
9.279279 -1.978867
9.289289 -1.981671
9.299299 -1.984276
9.309309 -1.986682
9.319319 -1.988889
9.329329 -1.990896
9.339339 -1.992705
9.349349 -1.994313
9.359359 -1.995722
9.369369 -1.996931
9.379379 -1.997939
9.389389 -1.998748
9.399399 -1.999356
9.409409 -1.999764
9.419419 -1.999971
9.429429 -1.999978
9.439439 -1.999785
9.449449 -1.999391
9.459459 -1.998797
9.469469 -1.998003
9.479479 -1.997008
9.489489 -1.995814
9.499499 -1.994419
9.509510 -1.992825
9.519520 -1.991031
9.529530 -1.989037
9.539540 -1.986844
9.549550 -1.984452
9.559560 -1.981861
9.569570 -1.979072
9.579580 -1.976084
9.589590 -1.972899
9.599600 -1.969515
9.609610 -1.965934
9.619620 -1.962157
9.629630 -1.958182
9.639640 -1.954012
9.649650 -1.949645
9.659660 -1.945084
9.669670 -1.940327
9.679680 -1.935376
9.689690 -1.930231
9.699700 -1.924893
9.709710 -1.919362
9.719720 -1.913638
9.729730 -1.907723
9.739740 -1.901616
9.749750 -1.895319
9.759760 -1.888833
9.769770 -1.882156
9.779780 -1.875292
9.789790 -1.868239
9.799800 -1.860999
9.809810 -1.853573
9.819820 -1.845961
9.829830 -1.838164
9.839840 -1.830183
9.849850 -1.822018
9.859860 -1.813671
9.869870 -1.805142
9.879880 -1.796432
9.889890 -1.787543
9.899900 -1.778474
9.909910 -1.769227
9.919920 -1.759803
9.929930 -1.750202
9.939940 -1.740426
9.949950 -1.730475
9.959960 -1.720352
9.969970 -1.710055
9.979980 -1.699588
9.989990 -1.688950
10.000000 -1.678143
