0.000000 -1.000000
0.010000 -0.980000
0.020000 -0.960202
0.030000 -0.940605
0.040000 -0.921207
0.050000 -0.902007
0.060000 -0.883005
0.070000 -0.864200
0.080000 -0.845590
0.090000 -0.827174
0.100000 -0.808952
0.110000 -0.790923
0.120000 -0.773086
0.130000 -0.755440
0.140000 -0.737983
0.150000 -0.720715
0.160000 -0.703636
0.170000 -0.686744
0.180000 -0.670038
0.190000 -0.653518
0.200000 -0.637182
0.210000 -0.621030
0.220000 -0.605060
0.230000 -0.589273
0.240000 -0.573667
0.250000 -0.558241
0.260000 -0.542995
0.270000 -0.527927
0.280000 -0.513037
0.290000 -0.498325
0.300000 -0.483788
0.310000 -0.469427
0.320000 -0.455240
0.330000 -0.441227
0.340000 -0.427387
0.350000 -0.413720
0.360000 -0.400224
0.370000 -0.386898
0.380000 -0.373743
0.390000 -0.360756
0.400000 -0.347938
0.410000 -0.335287
0.420000 -0.322804
0.430000 -0.310486
0.440000 -0.298333
0.450000 -0.286346
0.460000 -0.274522
0.470000 -0.262861
0.480000 -0.251362
0.490000 -0.240025
0.500000 -0.228849
0.510000 -0.217833
0.520000 -0.206977
0.530000 -0.196279
0.540000 -0.185739
0.550000 -0.175356
0.560000 -0.165130
0.570000 -0.155060
0.580000 -0.145145
0.590000 -0.135384
0.600000 -0.125777
0.610000 -0.116322
0.620000 -0.107020
0.630000 -0.097870
0.640000 -0.088870
0.650000 -0.080021
0.660000 -0.071321
0.670000 -0.062769
0.680000 -0.054366
0.690000 -0.046110
0.700000 -0.038000
0.710000 -0.030037
0.720000 -0.022218
0.730000 -0.014544
0.740000 -0.007014
0.750000 0.000373
0.760000 0.007618
0.770000 0.014721
0.780000 0.021682
0.790000 0.028504
0.800000 0.035186
0.810000 0.041729
0.820000 0.048134
0.830000 0.054402
0.840000 0.060532
0.850000 0.066527
0.860000 0.072386
0.870000 0.078110
0.880000 0.083701
0.890000 0.089158
0.900000 0.094482
0.910000 0.099675
0.920000 0.104736
0.930000 0.109667
0.940000 0.114469
0.950000 0.119141
0.960000 0.123684
0.970000 0.128101
0.980000 0.132390
0.990000 0.136553
1.000000 0.140590
1.010000 0.144503
1.020000 0.148292
1.030000 0.151957
1.040000 0.155500
1.050000 0.158920
1.060000 0.162220
1.070000 0.165399
1.080000 0.168458
1.090000 0.171398
1.100000 0.174220
1.110000 0.176925
1.120000 0.179512
1.130000 0.181984
1.140000 0.184340
1.150000 0.186581
1.160000 0.188709
1.170000 0.190723
1.180000 0.192625
1.190000 0.194416
1.200000 0.196095
1.210000 0.197664
1.220000 0.199124
1.230000 0.200475
1.240000 0.201719
1.250000 0.202855
1.260000 0.203884
1.270000 0.204808
1.280000 0.205627
1.290000 0.206342
1.300000 0.206954
1.310000 0.207463
1.320000 0.207870
1.330000 0.208176
1.340000 0.208382
1.350000 0.208488
1.360000 0.208496
1.370000 0.208405
1.380000 0.208217
1.390000 0.207933
1.400000 0.207554
1.410000 0.207079
1.420000 0.206511
1.430000 0.205849
1.440000 0.205095
1.450000 0.204249
1.460000 0.203312
1.470000 0.202285
1.480000 0.201169
1.490000 0.199964
1.500000 0.198672
1.510000 0.197293
1.520000 0.195828
1.530000 0.194277
1.540000 0.192642
1.550000 0.190924
1.560000 0.189123
1.570000 0.187239
1.580000 0.185275
1.590000 0.183230
1.600000 0.181106
1.610000 0.178903
1.620000 0.176622
1.630000 0.174264
1.640000 0.171830
1.650000 0.169321
1.660000 0.166736
1.670000 0.164079
1.680000 0.161348
1.690000 0.158545
1.700000 0.155671
1.710000 0.152727
1.720000 0.149713
1.730000 0.146631
1.740000 0.143481
1.750000 0.140263
1.760000 0.136980
1.770000 0.133631
1.780000 0.130218
1.790000 0.126741
1.800000 0.123202
1.810000 0.119601
1.820000 0.115938
1.830000 0.112216
1.840000 0.108434
1.850000 0.104594
1.860000 0.100696
1.870000 0.096741
1.880000 0.092731
1.890000 0.088666
1.900000 0.084546
1.910000 0.080373
1.920000 0.076148
1.930000 0.071871
1.940000 0.067544
1.950000 0.063167
1.960000 0.058740
1.970000 0.054266
1.980000 0.049745
1.990000 0.045177
2.000000 0.040564
2.010000 0.035906
2.020000 0.031204
2.030000 0.026460
2.040000 0.021674
2.050000 0.016846
2.060000 0.011978
2.070000 0.007071
2.080000 0.002126
2.090000 -0.002857
2.100000 -0.007877
2.110000 -0.012933
2.120000 -0.018024
2.130000 -0.023149
2.140000 -0.028307
2.150000 -0.033497
2.160000 -0.038719
2.170000 -0.043972
2.180000 -0.049254
2.190000 -0.054566
2.200000 -0.059905
2.210000 -0.065272
2.220000 -0.070664
2.230000 -0.076083
2.240000 -0.081525
2.250000 -0.086992
2.260000 -0.092481
2.270000 -0.097992
2.280000 -0.103525
2.290000 -0.109077
2.300000 -0.114649
2.310000 -0.120240
2.320000 -0.125848
2.330000 -0.131473
2.340000 -0.137114
2.350000 -0.142770
2.360000 -0.148440
2.370000 -0.154124
2.380000 -0.159820
2.390000 -0.165528
2.400000 -0.171246
2.410000 -0.176975
2.420000 -0.182713
2.430000 -0.188459
2.440000 -0.194212
2.450000 -0.199973
2.460000 -0.205739
2.470000 -0.211510
2.480000 -0.217285
2.490000 -0.223063
2.500000 -0.228844
2.510000 -0.234626
2.520000 -0.240409
2.530000 -0.246193
2.540000 -0.251975
2.550000 -0.257756
2.560000 -0.263534
2.570000 -0.269309
2.580000 -0.275080
2.590000 -0.280846
2.600000 -0.286607
2.610000 -0.292361
2.620000 -0.298107
2.630000 -0.303846
2.640000 -0.309576
2.650000 -0.315296
2.660000 -0.321005
2.670000 -0.326704
2.680000 -0.332390
2.690000 -0.338064
2.700000 -0.343724
2.710000 -0.349370
2.720000 -0.355000
2.730000 -0.360615
2.740000 -0.366214
2.750000 -0.371794
2.760000 -0.377357
2.770000 -0.382901
2.780000 -0.388425
2.790000 -0.393929
2.800000 -0.399412
2.810000 -0.404873
2.820000 -0.410312
2.830000 -0.415727
2.840000 -0.421119
2.850000 -0.426485
2.860000 -0.431827
2.870000 -0.437142
2.880000 -0.442430
2.890000 -0.447691
2.900000 -0.452924
2.910000 -0.458128
2.920000 -0.463302
2.930000 -0.468446
2.940000 -0.473559
2.950000 -0.478640
2.960000 -0.483689
2.970000 -0.488706
2.980000 -0.493688
2.990000 -0.498637
3.000000 -0.503550
3.010000 -0.508428
3.020000 -0.513270
3.030000 -0.518075
3.040000 -0.522843
3.050000 -0.527573
3.060000 -0.532264
3.070000 -0.536915
3.080000 -0.541527
3.090000 -0.546099
3.100000 -0.550629
3.110000 -0.555118
3.120000 -0.559564
3.130000 -0.563968
3.140000 -0.568328
3.150000 -0.572645
3.160000 -0.576917
3.170000 -0.581143
3.180000 -0.585325
3.190000 -0.589460
3.200000 -0.593548
3.210000 -0.597589
3.220000 -0.601582
3.230000 -0.605528
3.240000 -0.609424
3.250000 -0.613271
3.260000 -0.617068
3.270000 -0.620815
3.280000 -0.624511
3.290000 -0.628156
3.300000 -0.631750
3.310000 -0.635291
3.320000 -0.638779
3.330000 -0.642214
3.340000 -0.645596
3.350000 -0.648924
3.360000 -0.652197
3.370000 -0.655415
3.380000 -0.658578
3.390000 -0.661685
3.400000 -0.664737
3.410000 -0.667731
3.420000 -0.670669
3.430000 -0.673549
3.440000 -0.676372
3.450000 -0.679136
3.460000 -0.681842
3.470000 -0.684489
3.480000 -0.687077
3.490000 -0.689606
3.500000 -0.692074
3.510000 -0.694482
3.520000 -0.696830
3.530000 -0.699117
3.540000 -0.701343
3.550000 -0.703507
3.560000 -0.705609
3.570000 -0.707649
3.580000 -0.709627
3.590000 -0.711542
3.600000 -0.713394
3.610000 -0.715183
3.620000 -0.716909
3.630000 -0.718570
3.640000 -0.720168
3.650000 -0.721702
3.660000 -0.723171
3.670000 -0.724575
3.680000 -0.725915
3.690000 -0.727189
3.700000 -0.728398
3.710000 -0.729542
3.720000 -0.730620
3.730000 -0.731632
3.740000 -0.732578
3.750000 -0.733458
3.760000 -0.734271
3.770000 -0.735018
3.780000 -0.735698
3.790000 -0.736312
3.800000 -0.736858
3.810000 -0.737338
3.820000 -0.737750
3.830000 -0.738095
3.840000 -0.738373
3.850000 -0.738583
3.860000 -0.738726
3.870000 -0.738801
3.880000 -0.738808
3.890000 -0.738748
3.900000 -0.738620
3.910000 -0.738424
3.920000 -0.738160
3.930000 -0.737828
3.940000 -0.737428
3.950000 -0.736961
3.960000 -0.736425
3.970000 -0.735821
3.980000 -0.735149
3.990000 -0.734410
4.000000 -0.733602
4.010000 -0.732726
4.020000 -0.731783
4.030000 -0.730772
4.040000 -0.729692
4.050000 -0.728546
4.060000 -0.727331
4.070000 -0.726049
4.080000 -0.724699
4.090000 -0.723282
4.100000 -0.721797
4.110000 -0.720245
4.120000 -0.718626
4.130000 -0.716940
4.140000 -0.715187
4.150000 -0.713368
4.160000 -0.711481
4.170000 -0.709528
4.180000 -0.707509
4.190000 -0.705423
4.200000 -0.703272
4.210000 -0.701054
4.220000 -0.698771
4.230000 -0.696422
4.240000 -0.694008
4.250000 -0.691529
4.260000 -0.688985
4.270000 -0.686376
4.280000 -0.683702
4.290000 -0.680965
4.300000 -0.678163
4.310000 -0.675298
4.320000 -0.672369
4.330000 -0.669376
4.340000 -0.666321
4.350000 -0.663203
4.360000 -0.660022
4.370000 -0.656780
4.380000 -0.653475
4.390000 -0.650108
4.400000 -0.646681
4.410000 -0.643192
4.420000 -0.639642
4.430000 -0.636032
4.440000 -0.632362
4.450000 -0.628633
4.460000 -0.624843
4.470000 -0.620995
4.480000 -0.617088
4.490000 -0.613123
4.500000 -0.609100
4.510000 -0.605019
4.520000 -0.600881
4.530000 -0.596686
4.540000 -0.592434
4.550000 -0.588127
4.560000 -0.583763
4.570000 -0.579345
4.580000 -0.574871
4.590000 -0.570344
4.600000 -0.565762
4.610000 -0.561126
4.620000 -0.556437
4.630000 -0.551696
4.640000 -0.546902
4.650000 -0.542057
4.660000 -0.537160
4.670000 -0.532212
4.680000 -0.527214
4.690000 -0.522165
4.700000 -0.517068
4.710000 -0.511921
4.720000 -0.506726
4.730000 -0.501482
4.740000 -0.496191
4.750000 -0.490853
4.760000 -0.485469
4.770000 -0.480038
4.780000 -0.474562
4.790000 -0.469042
4.800000 -0.463476
4.810000 -0.457867
4.820000 -0.452214
4.830000 -0.446519
4.840000 -0.440781
4.850000 -0.435001
4.860000 -0.429180
4.870000 -0.423319
4.880000 -0.417418
4.890000 -0.411477
4.900000 -0.405497
4.910000 -0.399478
4.920000 -0.393422
4.930000 -0.387329
4.940000 -0.381199
4.950000 -0.375034
4.960000 -0.368832
4.970000 -0.362596
4.980000 -0.356326
4.990000 -0.350022
5.000000 -0.343685
5.010000 -0.337316
5.020000 -0.330915
5.030000 -0.324483
5.040000 -0.318020
5.050000 -0.311528
5.060000 -0.305006
5.070000 -0.298456
5.080000 -0.291877
5.090000 -0.285271
5.100000 -0.278639
5.110000 -0.271980
5.120000 -0.265296
5.130000 -0.258588
5.140000 -0.251855
5.150000 -0.245098
5.160000 -0.238319
5.170000 -0.231518
5.180000 -0.224695
5.190000 -0.217852
5.200000 -0.210988
5.210000 -0.204105
5.220000 -0.197203
5.230000 -0.190283
5.240000 -0.183345
5.250000 -0.176391
5.260000 -0.169421
5.270000 -0.162435
5.280000 -0.155434
5.290000 -0.148420
5.300000 -0.141392
5.310000 -0.134351
5.320000 -0.127299
5.330000 -0.120235
5.340000 -0.113160
5.350000 -0.106076
5.360000 -0.098982
5.370000 -0.091880
5.380000 -0.084770
5.390000 -0.077653
5.400000 -0.070530
5.410000 -0.063401
5.420000 -0.056266
5.430000 -0.049128
5.440000 -0.041986
5.450000 -0.034841
5.460000 -0.027693
5.470000 -0.020545
5.480000 -0.013395
5.490000 -0.006245
5.500000 0.000904
5.510000 0.008052
5.520000 0.015198
5.530000 0.022341
5.540000 0.029481
5.550000 0.036616
5.560000 0.043747
5.570000 0.050872
5.580000 0.057992
5.590000 0.065104
5.600000 0.072208
5.610000 0.079305
5.620000 0.086392
5.630000 0.093470
5.640000 0.100537
5.650000 0.107593
5.660000 0.114637
5.670000 0.121669
5.680000 0.128688
5.690000 0.135693
5.700000 0.142683
5.710000 0.149658
5.720000 0.156617
5.730000 0.163559
5.740000 0.170484
5.750000 0.177391
5.760000 0.184280
5.770000 0.191149
5.780000 0.197998
5.790000 0.204826
5.800000 0.211633
5.810000 0.218418
5.820000 0.225180
5.830000 0.231919
5.840000 0.238633
5.850000 0.245323
5.860000 0.251988
5.870000 0.258627
5.880000 0.265239
5.890000 0.271823
5.900000 0.278380
5.910000 0.284908
5.920000 0.291406
5.930000 0.297875
5.940000 0.304313
5.950000 0.310720
5.960000 0.317095
5.970000 0.323438
5.980000 0.329747
5.990000 0.336023
6.000000 0.342264
6.010000 0.348471
6.020000 0.354642
6.030000 0.360777
6.040000 0.366875
6.050000 0.372935
6.060000 0.378958
6.070000 0.384942
6.080000 0.390887
6.090000 0.396792
6.100000 0.402657
6.110000 0.408481
6.120000 0.414263
6.130000 0.420003
6.140000 0.425701
6.150000 0.431355
6.160000 0.436966
6.170000 0.442532
6.180000 0.448054
6.190000 0.453530
6.200000 0.458960
6.210000 0.464344
6.220000 0.469680
6.230000 0.474969
6.240000 0.480210
6.250000 0.485403
6.260000 0.490546
6.270000 0.495640
6.280000 0.500683
6.290000 0.505676
6.300000 0.510618
6.310000 0.515508
6.320000 0.520346
6.330000 0.525132
6.340000 0.529864
6.350000 0.534543
6.360000 0.539169
6.370000 0.543739
6.380000 0.548255
6.390000 0.552715
6.400000 0.557120
6.410000 0.561469
6.420000 0.565760
6.430000 0.569995
6.440000 0.574173
6.450000 0.578292
6.460000 0.582353
6.470000 0.586356
6.480000 0.590299
6.490000 0.594183
6.500000 0.598007
6.510000 0.601771
6.520000 0.605474
6.530000 0.609116
6.540000 0.612697
6.550000 0.616216
6.560000 0.619674
6.570000 0.623068
6.580000 0.626400
6.590000 0.629669
6.600000 0.632875
6.610000 0.636017
6.620000 0.639095
6.630000 0.642108
6.640000 0.645058
6.650000 0.647942
6.660000 0.650761
6.670000 0.653514
6.680000 0.656202
6.690000 0.658824
6.700000 0.661380
6.710000 0.663869
6.720000 0.666291
6.730000 0.668646
6.740000 0.670934
6.750000 0.673155
6.760000 0.675308
6.770000 0.677393
6.780000 0.679411
6.790000 0.681359
6.800000 0.683240
6.810000 0.685052
6.820000 0.686794
6.830000 0.688468
6.840000 0.690073
6.850000 0.691609
6.860000 0.693074
6.870000 0.694471
6.880000 0.695797
6.890000 0.697054
6.900000 0.698241
6.910000 0.699357
6.920000 0.700404
6.930000 0.701380
6.940000 0.702285
6.950000 0.703121
6.960000 0.703885
6.970000 0.704579
6.980000 0.705202
6.990000 0.705754
7.000000 0.706236
7.010000 0.706646
7.020000 0.706986
7.030000 0.707255
7.040000 0.707452
7.050000 0.707579
7.060000 0.707635
7.070000 0.707620
7.080000 0.707533
7.090000 0.707376
7.100000 0.707148
7.110000 0.706848
7.120000 0.706478
7.130000 0.706037
7.140000 0.705525
7.150000 0.704943
7.160000 0.704289
7.170000 0.703565
7.180000 0.702771
7.190000 0.701905
7.200000 0.700970
7.210000 0.699964
7.220000 0.698888
7.230000 0.697742
7.240000 0.696526
7.250000 0.695240
7.260000 0.693884
7.270000 0.692459
7.280000 0.690964
7.290000 0.689400
7.300000 0.687766
7.310000 0.686064
7.320000 0.684293
7.330000 0.682454
7.340000 0.680546
7.350000 0.678569
7.360000 0.676525
7.370000 0.674413
7.380000 0.672233
7.390000 0.669986
7.400000 0.667671
7.410000 0.665290
7.420000 0.662842
7.430000 0.660328
7.440000 0.657747
7.450000 0.655100
7.460000 0.652388
7.470000 0.649610
7.480000 0.646767
7.490000 0.643860
7.500000 0.640887
7.510000 0.637851
7.520000 0.634750
7.530000 0.631586
7.540000 0.628359
7.550000 0.625069
7.560000 0.621716
7.570000 0.618300
7.580000 0.614823
7.590000 0.611284
7.600000 0.607684
7.610000 0.604023
7.620000 0.600301
7.630000 0.596519
7.640000 0.592677
7.650000 0.588776
7.660000 0.584816
7.670000 0.580797
7.680000 0.576720
7.690000 0.572586
7.700000 0.568394
7.710000 0.564145
7.720000 0.559839
7.730000 0.555477
7.740000 0.551060
7.750000 0.546587
7.760000 0.542060
7.770000 0.537478
7.780000 0.532842
7.790000 0.528153
7.800000 0.523411
7.810000 0.518617
7.820000 0.513770
7.830000 0.508872
7.840000 0.503924
7.850000 0.498924
7.860000 0.493875
7.870000 0.488776
7.880000 0.483628
7.890000 0.478431
7.900000 0.473187
7.910000 0.467895
7.920000 0.462557
7.930000 0.457172
7.940000 0.451741
7.950000 0.446265
7.960000 0.440744
7.970000 0.435179
7.980000 0.429570
7.990000 0.423919
8.000000 0.418224
8.010000 0.412488
8.020000 0.406711
8.030000 0.400893
8.040000 0.395034
8.050000 0.389136
8.060000 0.383199
8.070000 0.377224
8.080000 0.371211
8.090000 0.365160
8.100000 0.359073
8.110000 0.352950
8.120000 0.346792
8.130000 0.340598
8.140000 0.334371
8.150000 0.328110
8.160000 0.321817
8.170000 0.315490
8.180000 0.309133
8.190000 0.302744
8.200000 0.296325
8.210000 0.289877
8.220000 0.283399
8.230000 0.276893
8.240000 0.270359
8.250000 0.263798
8.260000 0.257210
8.270000 0.250597
8.280000 0.243958
8.290000 0.237295
8.300000 0.230609
8.310000 0.223899
8.320000 0.217166
8.330000 0.210412
8.340000 0.203637
8.350000 0.196841
8.360000 0.190026
8.370000 0.183192
8.380000 0.176339
8.390000 0.169468
8.400000 0.162581
8.410000 0.155677
8.420000 0.148757
8.430000 0.141823
8.440000 0.134874
8.450000 0.127912
8.460000 0.120937
8.470000 0.113949
8.480000 0.106951
8.490000 0.099941
8.500000 0.092922
8.510000 0.085893
8.520000 0.078855
8.530000 0.071810
8.540000 0.064757
8.550000 0.057698
8.560000 0.050633
8.570000 0.043563
8.580000 0.036488
8.590000 0.029410
8.600000 0.022328
8.610000 0.015245
8.620000 0.008160
8.630000 0.001074
8.640000 -0.006013
8.650000 -0.013098
8.660000 -0.020183
8.670000 -0.027265
8.680000 -0.034345
8.690000 -0.041421
8.700000 -0.048493
8.710000 -0.055561
8.720000 -0.062623
8.730000 -0.069678
8.740000 -0.076727
8.750000 -0.083768
8.760000 -0.090801
8.770000 -0.097825
8.780000 -0.104839
8.790000 -0.111843
8.800000 -0.118835
8.810000 -0.125816
8.820000 -0.132784
8.830000 -0.139739
8.840000 -0.146680
8.850000 -0.153606
8.860000 -0.160517
8.870000 -0.167412
8.880000 -0.174291
8.890000 -0.181152
8.900000 -0.187994
8.910000 -0.194818
8.920000 -0.201623
8.930000 -0.208408
8.940000 -0.215171
8.950000 -0.221914
8.960000 -0.228634
8.970000 -0.235331
8.980000 -0.242005
8.990000 -0.248654
9.000000 -0.255279
9.010000 -0.261878
9.020000 -0.268451
9.030000 -0.274998
9.040000 -0.281517
9.050000 -0.288007
9.060000 -0.294469
9.070000 -0.300902
9.080000 -0.307304
9.090000 -0.313676
9.100000 -0.320016
9.110000 -0.326325
9.120000 -0.332601
9.130000 -0.338843
9.140000 -0.345052
9.150000 -0.351227
9.160000 -0.357366
9.170000 -0.363469
9.180000 -0.369537
9.190000 -0.375567
9.200000 -0.381560
9.210000 -0.387514
9.220000 -0.393430
9.230000 -0.399307
9.240000 -0.405144
9.250000 -0.410940
9.260000 -0.416695
9.270000 -0.422408
9.280000 -0.428080
9.290000 -0.433708
9.300000 -0.439293
9.310000 -0.444835
9.320000 -0.450331
9.330000 -0.455783
9.340000 -0.461190
9.350000 -0.466550
9.360000 -0.471863
9.370000 -0.477130
9.380000 -0.482348
9.390000 -0.487519
9.400000 -0.492640
9.410000 -0.497713
9.420000 -0.502736
9.430000 -0.507708
9.440000 -0.512630
9.450000 -0.517501
9.460000 -0.522319
9.470000 -0.527086
9.480000 -0.531800
9.490000 -0.536461
9.500000 -0.541068
9.510000 -0.545621
9.520000 -0.550119
9.530000 -0.554563
9.540000 -0.558951
9.550000 -0.563283
9.560000 -0.567559
9.570000 -0.571778
9.580000 -0.575940
9.590000 -0.580044
9.600000 -0.584091
9.610000 -0.588079
9.620000 -0.592008
9.630000 -0.595878
9.640000 -0.599689
9.650000 -0.603439
9.660000 -0.607130
9.670000 -0.610759
9.680000 -0.614328
9.690000 -0.617835
9.700000 -0.621280
9.710000 -0.624663
9.720000 -0.627984
9.730000 -0.631242
9.740000 -0.634437
9.750000 -0.637568
9.760000 -0.640636
9.770000 -0.643639
9.780000 -0.646579
9.790000 -0.649453
9.800000 -0.652263
9.810000 -0.655008
9.820000 -0.657687
9.830000 -0.660300
9.840000 -0.662847
9.850000 -0.665328
9.860000 -0.667743
9.870000 -0.670090
9.880000 -0.672371
9.890000 -0.674585
9.900000 -0.676731
9.910000 -0.678809
9.920000 -0.680820
9.930000 -0.682762
9.940000 -0.684636
9.950000 -0.686442
9.960000 -0.688179
9.970000 -0.689848
9.980000 -0.691447
9.990000 -0.692977
