0.000000 0.000000
0.010010 -0.020020
0.020020 -0.040037
0.030030 -0.060051
0.040040 -0.080059
0.050050 -0.100058
0.060060 -0.120048
0.070070 -0.140025
0.080080 -0.159989
0.090090 -0.179937
0.100100 -0.199866
0.110110 -0.219775
0.120120 -0.239663
0.130130 -0.259526
0.140140 -0.279364
0.150150 -0.299173
0.160160 -0.318953
0.170170 -0.338700
0.180180 -0.358414
0.190190 -0.378091
0.200200 -0.397731
0.210210 -0.417331
0.220220 -0.436889
0.230230 -0.456403
0.240240 -0.475872
0.250250 -0.495293
0.260260 -0.514664
0.270270 -0.533984
0.280280 -0.553250
0.290290 -0.572461
0.300300 -0.591614
0.310310 -0.610708
0.320320 -0.629741
0.330330 -0.648711
0.340340 -0.667616
0.350350 -0.686454
0.360360 -0.705223
0.370370 -0.723921
0.380380 -0.742547
0.390390 -0.761099
0.400400 -0.779574
0.410410 -0.797971
0.420420 -0.816289
0.430430 -0.834524
0.440440 -0.852676
0.450450 -0.870742
0.460460 -0.888721
0.470470 -0.906611
0.480480 -0.924411
0.490490 -0.942117
0.500501 -0.959729
0.510511 -0.977245
0.520521 -0.994664
0.530531 -1.011982
0.540541 -1.029199
0.550551 -1.046313
0.560561 -1.063322
0.570571 -1.080225
0.580581 -1.097019
0.590591 -1.113703
0.600601 -1.130276
0.610611 -1.146736
0.620621 -1.163080
0.630631 -1.179308
0.640641 -1.195418
0.650651 -1.211409
0.660661 -1.227277
0.670671 -1.243023
0.680681 -1.258644
0.690691 -1.274139
0.700701 -1.289507
0.710711 -1.304745
0.720721 -1.319853
0.730731 -1.334828
0.740741 -1.349669
0.750751 -1.364376
0.760761 -1.378945
0.770771 -1.393377
0.780781 -1.407669
0.790791 -1.421819
0.800801 -1.435828
0.810811 -1.449692
0.820821 -1.463411
0.830831 -1.476984
0.840841 -1.490408
0.850851 -1.503683
0.860861 -1.516808
0.870871 -1.529780
0.880881 -1.542600
0.890891 -1.555264
0.900901 -1.567773
0.910911 -1.580125
0.920921 -1.592318
0.930931 -1.604352
0.940941 -1.616225
0.950951 -1.627937
0.960961 -1.639485
0.970971 -1.650868
0.980981 -1.662087
0.990991 -1.673139
1.001001 -1.684023
1.011011 -1.694738
1.021021 -1.705284
1.031031 -1.715659
1.041041 -1.725862
1.051051 -1.735891
1.061061 -1.745747
1.071071 -1.755428
1.081081 -1.764934
1.091091 -1.774262
1.101101 -1.783413
1.111111 -1.792384
1.121121 -1.801177
1.131131 -1.809788
1.141141 -1.818219
1.151151 -1.826467
1.161161 -1.834532
1.171171 -1.842414
1.181181 -1.850111
1.191191 -1.857622
1.201201 -1.864947
1.211211 -1.872086
1.221221 -1.879037
1.231231 -1.885799
1.241241 -1.892373
1.251251 -1.898757
1.261261 -1.904951
1.271271 -1.910953
1.281281 -1.916765
1.291291 -1.922384
1.301301 -1.927811
1.311311 -1.933044
1.321321 -1.938084
1.331331 -1.942930
1.341341 -1.947581
1.351351 -1.952037
1.361361 -1.956297
1.371371 -1.960361
1.381381 -1.964229
1.391391 -1.967900
1.401401 -1.971374
1.411411 -1.974650
1.421421 -1.977729
1.431431 -1.980609
1.441441 -1.983291
1.451451 -1.985774
1.461461 -1.988058
1.471471 -1.990143
1.481481 -1.992028
1.491491 -1.993714
1.501502 -1.995200
1.511512 -1.996486
1.521522 -1.997572
1.531532 -1.998458
1.541542 -1.999144
1.551552 -1.999630
1.561562 -1.999915
1.571572 -1.999999
1.581582 -1.999884
1.591592 -1.999568
1.601602 -1.999051
1.611612 -1.998334
1.621622 -1.997417
1.631632 -1.996300
1.641642 -1.994983
1.651652 -1.993466
1.661662 -1.991749
1.671672 -1.989833
1.681682 -1.987717
1.691692 -1.985402
1.701702 -1.982888
1.711712 -1.980176
1.721722 -1.977265
1.731732 -1.974156
1.741742 -1.970849
1.751752 -1.967344
1.761762 -1.963643
1.771772 -1.959745
1.781782 -1.955650
1.791792 -1.951359
1.801802 -1.946873
1.811812 -1.942192
1.821822 -1.937316
1.831832 -1.932247
1.841842 -1.926983
1.851852 -1.921526
1.861862 -1.915877
1.871872 -1.910036
1.881882 -1.904004
1.891892 -1.897780
1.901902 -1.891367
1.911912 -1.884764
1.921922 -1.877972
1.931932 -1.870992
1.941942 -1.863825
1.951952 -1.856471
1.961962 -1.848931
1.971972 -1.841205
1.981982 -1.833295
1.991992 -1.825201
2.002002 -1.816925
2.012012 -1.808466
2.022022 -1.799827
2.032032 -1.791006
2.042042 -1.782007
2.052052 -1.772829
2.062062 -1.763473
2.072072 -1.753940
2.082082 -1.744232
2.092092 -1.734349
2.102102 -1.724292
2.112112 -1.714063
2.122122 -1.703662
2.132132 -1.693090
2.142142 -1.682348
2.152152 -1.671438
2.162162 -1.660360
2.172172 -1.649116
2.182182 -1.637707
2.192192 -1.626133
2.202202 -1.614397
2.212212 -1.602499
2.222222 -1.590440
2.232232 -1.578222
2.242242 -1.565846
2.252252 -1.553313
2.262262 -1.540624
2.272272 -1.527781
2.282282 -1.514785
2.292292 -1.501637
2.302302 -1.488339
2.312312 -1.474891
2.322322 -1.461296
2.332332 -1.447554
2.342342 -1.433667
2.352352 -1.419637
2.362362 -1.405464
2.372372 -1.391151
2.382382 -1.376698
2.392392 -1.362107
2.402402 -1.347379
2.412412 -1.332517
2.422422 -1.317521
2.432432 -1.302393
2.442442 -1.287135
2.452452 -1.271748
2.462462 -1.256233
2.472472 -1.240592
2.482482 -1.224827
2.492492 -1.208940
2.502503 -1.192931
2.512513 -1.176802
2.522523 -1.160556
2.532533 -1.144194
2.542543 -1.127716
2.552553 -1.111126
2.562563 -1.094425
2.572573 -1.077614
2.582583 -1.060694
2.592593 -1.043669
2.602603 -1.026539
2.612613 -1.009306
2.622623 -0.991972
2.632633 -0.974539
2.642643 -0.957008
2.652653 -0.939381
2.662663 -0.921660
2.672673 -0.903846
2.682683 -0.885942
2.692693 -0.867949
2.702703 -0.849870
2.712713 -0.831705
2.722723 -0.813457
2.732733 -0.795127
2.742743 -0.776718
2.752753 -0.758230
2.762763 -0.739667
2.772773 -0.721030
2.782783 -0.702320
2.792793 -0.683540
2.802803 -0.664692
2.812813 -0.645777
2.822823 -0.626797
2.832833 -0.607755
2.842843 -0.588651
2.852853 -0.569489
2.862863 -0.550269
2.872873 -0.530995
2.882883 -0.511667
2.892893 -0.492288
2.902903 -0.472859
2.912913 -0.453384
2.922923 -0.433862
2.932933 -0.414298
2.942943 -0.394692
2.952953 -0.375046
2.962963 -0.355362
2.972973 -0.335644
2.982983 -0.315891
2.992993 -0.296107
3.003003 -0.276293
3.013013 -0.256451
3.023023 -0.236584
3.033033 -0.216693
3.043043 -0.196780
3.053053 -0.176848
3.063063 -0.156898
3.073073 -0.136932
3.083083 -0.116952
3.093093 -0.096961
3.103103 -0.076960
3.113113 -0.056951
3.123123 -0.036937
3.133133 -0.016919
3.143143 0.003101
3.153153 0.023120
3.163163 0.043138
3.173173 0.063151
3.183183 0.083157
3.193193 0.103155
3.203203 0.123143
3.213213 0.143119
3.223223 0.163080
3.233233 0.183025
3.243243 0.202951
3.253253 0.222857
3.263263 0.242741
3.273273 0.262601
3.283283 0.282434
3.293293 0.302239
3.303303 0.322014
3.313313 0.341756
3.323323 0.361464
3.333333 0.381136
3.343343 0.400770
3.353353 0.420363
3.363363 0.439915
3.373373 0.459422
3.383383 0.478883
3.393393 0.498297
3.403403 0.517660
3.413413 0.536972
3.423423 0.556229
3.433433 0.575431
3.443443 0.594576
3.453453 0.613660
3.463463 0.632684
3.473473 0.651644
3.483483 0.670538
3.493493 0.689366
3.503504 0.708124
3.513514 0.726811
3.523524 0.745426
3.533534 0.763966
3.543544 0.782429
3.553554 0.800814
3.563564 0.819119
3.573574 0.837341
3.583584 0.855480
3.593594 0.873533
3.603604 0.891498
3.613614 0.909374
3.623624 0.927159
3.633634 0.944851
3.643644 0.962449
3.653654 0.979950
3.663664 0.997353
3.673674 1.014656
3.683684 1.031857
3.693694 1.048955
3.703704 1.065947
3.713714 1.082833
3.723724 1.099611
3.733734 1.116278
3.743744 1.132833
3.753754 1.149275
3.763764 1.165602
3.773774 1.181812
3.783784 1.197903
3.793794 1.213874
3.803804 1.229724
3.813814 1.245451
3.823824 1.261053
3.833834 1.276528
3.843844 1.291876
3.853854 1.307094
3.863864 1.322181
3.873874 1.337136
3.883884 1.351956
3.893894 1.366641
3.903904 1.381190
3.913914 1.395600
3.923924 1.409870
3.933934 1.423998
3.943944 1.437985
3.953954 1.451827
3.963964 1.465523
3.973974 1.479073
3.983984 1.492474
3.993994 1.505726
4.004004 1.518827
4.014014 1.531776
4.024024 1.544571
4.034034 1.557212
4.044044 1.569697
4.054054 1.582024
4.064064 1.594193
4.074074 1.606202
4.084084 1.618050
4.094094 1.629736
4.104104 1.641259
4.114114 1.652617
4.124124 1.663810
4.134134 1.674836
4.144144 1.685694
4.154154 1.696383
4.164164 1.706902
4.174174 1.717250
4.184184 1.727426
4.194194 1.737429
4.204204 1.747258
4.214214 1.756912
4.224224 1.766390
4.234234 1.775691
4.244244 1.784814
4.254254 1.793758
4.264264 1.802522
4.274274 1.811106
4.284284 1.819508
4.294294 1.827728
4.304304 1.835765
4.314314 1.843618
4.324324 1.851286
4.334334 1.858769
4.344344 1.866065
4.354354 1.873175
4.364364 1.880096
4.374374 1.886830
4.384384 1.893374
4.394394 1.899729
4.404404 1.905893
4.414414 1.911866
4.424424 1.917648
4.434434 1.923237
4.444444 1.928634
4.454454 1.933838
4.464464 1.938848
4.474474 1.943663
4.484484 1.948284
4.494494 1.952710
4.504505 1.956939
4.514515 1.960973
4.524525 1.964811
4.534535 1.968451
4.544545 1.971894
4.554555 1.975140
4.564565 1.978188
4.574575 1.981037
4.584585 1.983688
4.594595 1.986141
4.604605 1.988394
4.614615 1.990448
4.624625 1.992302
4.634635 1.993957
4.644645 1.995412
4.654655 1.996668
4.664665 1.997723
4.674675 1.998578
4.684685 1.999233
4.694695 1.999687
4.704705 1.999941
4.714715 1.999995
4.724725 1.999848
4.734735 1.999501
4.744745 1.998953
4.754755 1.998205
4.764765 1.997257
4.774775 1.996109
4.784785 1.994761
4.794795 1.993213
4.804805 1.991465
4.814815 1.989518
4.824825 1.987371
4.834835 1.985026
4.844845 1.982481
4.854855 1.979738
4.864865 1.976796
4.874875 1.973656
4.884885 1.970319
4.894895 1.966784
4.904905 1.963052
4.914915 1.959123
4.924925 1.954998
4.934935 1.950677
4.944945 1.946161
4.954955 1.941450
4.964965 1.936544
4.974975 1.931444
4.984985 1.926150
4.994995 1.920664
5.005005 1.914985
5.015015 1.909114
5.025025 1.903052
5.035035 1.896799
5.045045 1.890357
5.055055 1.883724
5.065065 1.876903
5.075075 1.869894
5.085085 1.862698
5.095095 1.855315
5.105105 1.847746
5.115115 1.839992
5.125125 1.832053
5.135135 1.823931
5.145145 1.815627
5.155155 1.807140
5.165165 1.798472
5.175175 1.789624
5.185185 1.780597
5.195195 1.771391
5.205205 1.762008
5.215215 1.752448
5.225225 1.742713
5.235235 1.732803
5.245245 1.722719
5.255255 1.712463
5.265265 1.702035
5.275275 1.691437
5.285285 1.680669
5.295295 1.669733
5.305305 1.658629
5.315315 1.647360
5.325325 1.635925
5.335335 1.624326
5.345345 1.612565
5.355355 1.600641
5.365365 1.588558
5.375375 1.576315
5.385385 1.563915
5.395395 1.551358
5.405405 1.538645
5.415415 1.525778
5.425425 1.512758
5.435435 1.499587
5.445445 1.486265
5.455455 1.472795
5.465465 1.459177
5.475475 1.445412
5.485485 1.431503
5.495495 1.417451
5.505506 1.403256
5.515516 1.388921
5.525526 1.374447
5.535536 1.359834
5.545546 1.345086
5.555556 1.330203
5.565566 1.315187
5.575576 1.300038
5.585586 1.284760
5.595596 1.269353
5.605606 1.253818
5.615616 1.238158
5.625626 1.222374
5.635636 1.206468
5.645646 1.190440
5.655656 1.174294
5.665666 1.158029
5.675676 1.141649
5.685686 1.125154
5.695696 1.108547
5.705706 1.091828
5.715716 1.075000
5.725726 1.058064
5.735736 1.041022
5.745746 1.023876
5.755756 1.006628
5.765766 0.989278
5.775776 0.971830
5.785786 0.954284
5.795796 0.936642
5.805806 0.918906
5.815816 0.901079
5.825826 0.883161
5.835836 0.865155
5.845846 0.847062
5.855856 0.828884
5.865866 0.810623
5.875876 0.792281
5.885886 0.773859
5.895896 0.755360
5.905906 0.736785
5.915916 0.718137
5.925926 0.699416
5.935936 0.680625
5.945946 0.661766
5.955956 0.642841
5.965966 0.623852
5.975976 0.604800
5.985986 0.585687
5.995996 0.566516
6.006006 0.547287
6.016016 0.528004
6.026026 0.508669
6.036036 0.489282
6.046046 0.469846
6.056056 0.450363
6.066066 0.430835
6.076076 0.411264
6.086086 0.391651
6.096096 0.371999
6.106106 0.352310
6.116116 0.332586
6.126126 0.312829
6.136136 0.293040
6.146146 0.273221
6.156156 0.253376
6.166166 0.233505
6.176176 0.213610
6.186186 0.193694
6.196196 0.173759
6.206206 0.153806
6.216216 0.133838
6.226226 0.113857
6.236236 0.093864
6.246246 0.073861
6.256256 0.053852
6.266266 0.033836
6.276276 0.013818
6.286286 -0.006202
6.296296 -0.026221
6.306306 -0.046238
6.316316 -0.066250
6.326326 -0.086255
6.336336 -0.106252
6.346346 -0.126238
6.356356 -0.146212
6.366366 -0.166170
6.376376 -0.186112
6.386386 -0.206036
6.396396 -0.225939
6.406406 -0.245819
6.416416 -0.265675
6.426426 -0.285504
6.436436 -0.305304
6.446446 -0.325074
6.456456 -0.344811
6.466466 -0.364514
6.476476 -0.384180
6.486486 -0.403807
6.496496 -0.423394
6.506507 -0.442939
6.516517 -0.462439
6.526527 -0.481893
6.536537 -0.501299
6.546547 -0.520655
6.556557 -0.539958
6.566567 -0.559207
6.576577 -0.578400
6.586587 -0.597536
6.596597 -0.616611
6.606607 -0.635625
6.616617 -0.654575
6.626627 -0.673459
6.636637 -0.692276
6.646647 -0.711023
6.656657 -0.729699
6.666667 -0.748302
6.676677 -0.766831
6.686687 -0.785282
6.696697 -0.803654
6.706707 -0.821947
6.716717 -0.840156
6.726727 -0.858282
6.736737 -0.876321
6.746747 -0.894273
6.756757 -0.912135
6.766767 -0.929906
6.776777 -0.947583
6.786787 -0.965166
6.796797 -0.982652
6.806807 -1.000039
6.816817 -1.017327
6.826827 -1.034512
6.836837 -1.051594
6.846847 -1.068570
6.856857 -1.085439
6.866867 -1.102199
6.876877 -1.118849
6.886887 -1.135387
6.896897 -1.151811
6.906907 -1.168120
6.916917 -1.184312
6.926927 -1.200385
6.936937 -1.216338
6.946947 -1.232168
6.956957 -1.247876
6.966967 -1.263458
6.976977 -1.278914
6.986987 -1.294241
6.996997 -1.309439
7.007007 -1.324506
7.017017 -1.339440
7.027027 -1.354240
7.037037 -1.368904
7.047047 -1.383431
7.057057 -1.397819
7.067067 -1.412067
7.077077 -1.426174
7.087087 -1.440138
7.097097 -1.453958
7.107107 -1.467631
7.117117 -1.481158
7.127127 -1.494537
7.137137 -1.507765
7.147147 -1.520843
7.157157 -1.533768
7.167167 -1.546540
7.177177 -1.559156
7.187187 -1.571616
7.197197 -1.583919
7.207207 -1.596063
7.217217 -1.608048
7.227227 -1.619871
7.237237 -1.631532
7.247247 -1.643029
7.257257 -1.654361
7.267267 -1.665528
7.277277 -1.676528
7.287287 -1.687360
7.297297 -1.698023
7.307307 -1.708516
7.317317 -1.718838
7.327327 -1.728987
7.337337 -1.738963
7.347347 -1.748765
7.357357 -1.758392
7.367367 -1.767842
7.377377 -1.777116
7.387387 -1.786211
7.397397 -1.795127
7.407407 -1.803864
7.417417 -1.812420
7.427427 -1.820794
7.437437 -1.828985
7.447447 -1.836994
7.457457 -1.844818
7.467467 -1.852457
7.477477 -1.859911
7.487487 -1.867179
7.497497 -1.874259
7.507508 -1.881152
7.517518 -1.887856
7.527528 -1.894371
7.537538 -1.900696
7.547548 -1.906831
7.557558 -1.912774
7.567568 -1.918526
7.577578 -1.924086
7.587588 -1.929453
7.597598 -1.934627
7.607608 -1.939606
7.617618 -1.944392
7.627628 -1.948982
7.637638 -1.953378
7.647648 -1.957577
7.657658 -1.961581
7.667668 -1.965387
7.677678 -1.968997
7.687688 -1.972410
7.697698 -1.975625
7.707708 -1.978642
7.717718 -1.981461
7.727728 -1.984081
7.737738 -1.986503
7.747748 -1.988725
7.757758 -1.990748
7.767768 -1.992572
7.777778 -1.994196
7.787788 -1.995620
7.797798 -1.996844
7.807808 -1.997868
7.817818 -1.998692
7.827828 -1.999316
7.837838 -1.999739
7.847848 -1.999962
7.857858 -1.999985
7.867868 -1.999807
7.877878 -1.999429
7.887888 -1.998850
7.897898 -1.998072
7.907908 -1.997093
7.917918 -1.995914
7.927928 -1.994534
7.937938 -1.992955
7.947948 -1.991177
7.957958 -1.989199
7.967968 -1.987021
7.977978 -1.984645
7.987988 -1.982069
7.997998 -1.979295
8.008008 -1.976323
8.018018 -1.973152
8.028028 -1.969784
8.038038 -1.966219
8.048048 -1.962456
8.058058 -1.958497
8.068068 -1.954342
8.078078 -1.949991
8.088088 -1.945444
8.098098 -1.940703
8.108108 -1.935767
8.118118 -1.930637
8.128128 -1.925313
8.138138 -1.919797
8.148148 -1.914088
8.158158 -1.908188
8.168168 -1.902096
8.178178 -1.895814
8.188188 -1.889342
8.198198 -1.882680
8.208208 -1.875830
8.218218 -1.868792
8.228228 -1.861567
8.238238 -1.854155
8.248248 -1.846557
8.258258 -1.838774
8.268268 -1.830807
8.278278 -1.822657
8.288288 -1.814324
8.298298 -1.805809
8.308308 -1.797113
8.318318 -1.788238
8.328328 -1.779183
8.338338 -1.769949
8.348348 -1.760539
8.358358 -1.750952
8.368368 -1.741189
8.378378 -1.731252
8.388388 -1.721142
8.398398 -1.710859
8.408408 -1.700405
8.418418 -1.689780
8.428428 -1.678986
8.438438 -1.668024
8.448448 -1.656894
8.458458 -1.645599
8.468468 -1.634139
8.478478 -1.622515
8.488488 -1.610728
8.498498 -1.598780
8.508509 -1.586672
8.518519 -1.574405
8.528529 -1.561980
8.538539 -1.549399
8.548549 -1.536662
8.558559 -1.523771
8.568569 -1.510728
8.578579 -1.497533
8.588589 -1.484189
8.598599 -1.470695
8.608609 -1.457054
8.618619 -1.443267
8.628629 -1.429336
8.638639 -1.415261
8.648649 -1.401045
8.658659 -1.386688
8.668669 -1.372192
8.678679 -1.357559
8.688689 -1.342790
8.698699 -1.327886
8.708709 -1.312849
8.718719 -1.297680
8.728729 -1.282382
8.738739 -1.266955
8.748749 -1.251401
8.758759 -1.235722
8.768769 -1.219919
8.778779 -1.203993
8.788789 -1.187947
8.798799 -1.171782
8.808809 -1.155500
8.818819 -1.139101
8.828829 -1.122589
8.838839 -1.105964
8.848849 -1.089229
8.858859 -1.072384
8.868869 -1.055431
8.878879 -1.038373
8.888889 -1.021211
8.898899 -1.003947
8.908909 -0.986582
8.918919 -0.969118
8.928929 -0.951557
8.938939 -0.933901
8.948949 -0.916151
8.958959 -0.898309
8.968969 -0.880378
8.978979 -0.862358
8.988989 -0.844252
8.998999 -0.826061
9.009009 -0.807787
9.019019 -0.789432
9.029029 -0.770999
9.039039 -0.752488
9.049049 -0.733901
9.059059 -0.715241
9.069069 -0.696510
9.079079 -0.677709
9.089089 -0.658839
9.099099 -0.639904
9.109109 -0.620905
9.119119 -0.601843
9.129129 -0.582721
9.139139 -0.563541
9.149149 -0.544304
9.159159 -0.525013
9.169169 -0.505669
9.179179 -0.486274
9.189189 -0.466831
9.199199 -0.447341
9.209209 -0.427806
9.219219 -0.408228
9.229229 -0.388610
9.239239 -0.368952
9.249249 -0.349257
9.259259 -0.329528
9.269269 -0.309765
9.279279 -0.289972
9.289289 -0.270149
9.299299 -0.250299
9.309309 -0.230424
9.319319 -0.210527
9.329329 -0.190608
9.339339 -0.170669
9.349349 -0.150714
9.359359 -0.130744
9.369369 -0.110760
9.379379 -0.090766
9.389389 -0.070762
9.399399 -0.050752
9.409409 -0.030736
9.419419 -0.010717
9.429429 0.009303
9.439439 0.029322
9.449449 0.049338
9.459459 0.069349
9.469469 0.089353
9.479479 0.109348
9.489489 0.129333
9.499499 0.149304
9.509510 0.169260
9.519520 0.189200
9.529530 0.209120
9.539540 0.229020
9.549550 0.248896
9.559560 0.268748
9.569570 0.288572
9.579580 0.308368
9.589590 0.328133
9.599600 0.347865
9.609610 0.367562
9.619620 0.387222
9.629630 0.406844
9.639640 0.426425
9.649650 0.445963
9.659660 0.465456
9.669670 0.484903
9.679680 0.504301
9.689690 0.523648
9.699700 0.542943
9.709710 0.562184
9.719720 0.581368
9.729730 0.600494
9.739740 0.619560
9.749750 0.638564
9.759760 0.657504
9.769770 0.676378
9.779780 0.695184
9.789790 0.713921
9.799800 0.732586
9.809810 0.751177
9.819820 0.769694
9.829830 0.788133
9.839840 0.806493
9.849850 0.824773
9.859860 0.842969
9.869870 0.861082
9.879880 0.879108
9.889890 0.897046
9.899900 0.914894
9.909910 0.932650
9.919920 0.950313
9.929930 0.967881
9.939940 0.985352
9.949950 1.002724
9.959960 1.019995
9.969970 1.037165
9.979980 1.054230
9.989990 1.071190
10.000000 1.088042
